image: gazebo-maze.pgm
resolution: 0.050000
origin: [-8.297182, -5.695223, 0.000000]
negate: 0
occupied_thresh: 0.65
free_thresh: 0.196

